%YAML:1.0
board_width: 10
board_height: 7
square_size: 5.2499998360872269e-02
K1: !!opencv-matrix
   rows: 3
   cols: 3
   dt: d
   data: [ 3.9579603436043649e+03, 0., 6.0960121735100188e+02, 0.,
       3.9668080268538097e+03, 5.5156387840744378e+02, 0., 0., 1. ]
K2: !!opencv-matrix
   rows: 3
   cols: 3
   dt: d
   data: [ 3.9899148954879583e+03, 0., 5.9987633041916035e+02, 0.,
       3.9952787816016175e+03, 4.7898632265444468e+02, 0., 0., 1. ]
D1: !!opencv-matrix
   rows: 1
   cols: 5
   dt: d
   data: [ -2.7679516894648609e-01, 1.7434017349498321e+00,
       4.3623252047240799e-03, 8.2763741870078272e-03,
       -8.3960394259165518e+00 ]
D2: !!opencv-matrix
   rows: 1
   cols: 5
   dt: d
   data: [ -2.5215812904164914e-01, 2.0579891878299095e+00,
       5.9535788612390681e-03, 7.2932844225383096e-03,
       -3.9356790889386112e+01 ]
R: !!opencv-matrix
   rows: 3
   cols: 3
   dt: d
   data: [ 9.9999386094895570e-01, -1.2436012164481617e-03,
       -3.2758999397323857e-03, 1.3067336357620513e-03,
       9.9981209797310300e-01, 1.9340661669846451e-02,
       3.2512323211142708e-03, -1.9344823665175870e-02,
       9.9980758513113788e-01 ]
T: [ -5.3819694300670362e-01, -3.4332085428980573e-03,
    7.0067478977645925e-02 ]
E: !!opencv-matrix
   rows: 3
   cols: 3
   dt: d
   data: [ -1.0272169013293614e-04, -6.9987898342458318e-02,
       -4.7876993474922280e-03, 7.1816852126044217e-02,
       -1.0498460961691446e-02, 5.3786385186233299e-01,
       2.7299074181643952e-03, -5.3810008425256317e-01,
       -1.0420331834097057e-02 ]
F: !!opencv-matrix
   rows: 3
   cols: 3
   dt: d
   data: [ 6.5819060561088701e-08, 4.4744816394234656e-05,
       -1.2577814861264776e-02, -4.5954964144214479e-05,
       6.7028879451560451e-06, -1.3379110563827359e+00,
       1.4993189428153133e-02, 1.3425558770034374e+00, 1. ]
R1: !!opencv-matrix
   rows: 3
   cols: 3
   dt: d
   data: [ 9.9119421758785731e-01, 7.5885890495794427e-03,
       -1.3219847327647821e-01, -6.3032772238293781e-03,
       9.9992873858924336e-01, 1.0138364738162705e-02,
       1.3226598851040536e-01, -9.2158048786348621e-03,
       9.9117141667009567e-01 ]
R2: !!opencv-matrix
   rows: 3
   cols: 3
   dt: d
   data: [ 9.9161176438802678e-01, 6.3255840170998289e-03,
       -1.2909723356488678e-01, -7.5799633917947576e-03,
       9.9992869593043232e-01, -9.2275245783519748e-03,
       1.2902965892477347e-01, 1.0128674232477305e-02,
       9.9158900612907619e-01 ]
P1: !!opencv-matrix
   rows: 3
   cols: 4
   dt: d
   data: [ 3.9221502297215766e+03, 0., 1.1378257579803467e+03, 0., 0.,
       3.9221502297215766e+03, 5.1551006317138672e+02, 0., 0., 0., 1.,
       0. ]
P2: !!opencv-matrix
   rows: 3
   cols: 4
   dt: d
   data: [ 3.9221502297215766e+03, 0., 1.1378257579803467e+03,
       -2.1287456840045943e+03, 0., 3.9221502297215766e+03,
       5.1551006317138672e+02, 0., 0., 0., 1., 0. ]
Q: !!opencv-matrix
   rows: 4
   cols: 4
   dt: d
   data: [ 1., 0., 0., -1.1378257579803467e+03, 0., 1., 0.,
       -5.1551006317138672e+02, 0., 0., 0., 3.9221502297215766e+03, 0.,
       0., 1.8424700795368056e+00, 0. ]
