%YAML:1.0
board_width: 10
board_height: 7
square_size: 5.2499998360872269e-02
K1: !!opencv-matrix
   rows: 3
   cols: 3
   dt: d
   data: [ 4.3087620812769073e+03, 0., 3.9904495751932700e+02, 0.,
       4.2611373620784025e+03, 5.4641089646341652e+02, 0., 0., 1. ]
K2: !!opencv-matrix
   rows: 3
   cols: 3
   dt: d
   data: [ 4.2844490550153587e+03, 0., 3.6170386703790649e+02, 0.,
       4.2464687250255738e+03, 4.7235257445264165e+02, 0., 0., 1. ]
D1: !!opencv-matrix
   rows: 1
   cols: 5
   dt: d
   data: [ -1.8158780921878082e-01, 1.6392648369744534e-01,
       9.0727887346803773e-03, -1.2071643776561921e-02,
       1.1416114100811844e-01 ]
D2: !!opencv-matrix
   rows: 1
   cols: 5
   dt: d
   data: [ -1.0920440006982404e-01, -5.7412215712155179e+00,
       9.7673329854721970e-03, -1.3505917364929928e-02,
       1.3828523148245060e+02 ]
R: !!opencv-matrix
   rows: 3
   cols: 3
   dt: d
   data: [ 9.9994271424524228e-01, -3.6071723780908642e-03,
       1.0077526248659477e-02, 3.4291822333751263e-03,
       9.9983880674985814e-01, 1.7623882268962800e-02,
       -1.0139474200765384e-02, -1.7588314997596995e-02,
       9.9979389988060907e-01 ]
T: [ -5.9287004475067073e-01, -6.1183491840006857e-03,
    2.2981470479649591e-02 ]
E: !!opencv-matrix
   rows: 3
   cols: 3
   dt: d
   data: [ -1.6770806563200428e-05, -2.2870154569016442e-02,
       -6.5221109216043755e-03, 1.6968763445611677e-02,
       -1.0510483225236327e-02, 5.9297945053565571e-01,
       4.0849392655904933e-03, -5.9279654804142168e-01,
       -1.0387014044980295e-02 ]
F: !!opencv-matrix
   rows: 3
   cols: 3
   dt: d
   data: [ 2.3774905737809215e-09, 3.2783923947156293e-06,
       2.1915755284530841e-03, -2.4270688849441040e-06,
       1.5201329418396572e-06, -3.6530882456140146e-01,
       -1.3355344084170252e-03, 3.6217251611276818e-01, 1. ]
R1: !!opencv-matrix
   rows: 3
   cols: 3
   dt: d
   data: [ 9.9956727339309170e-01, 7.3868832646680664e-03,
       -2.8472792577029473e-02, -7.1357426591000016e-03,
       9.9993482738096662e-01, 8.9119115401611552e-03,
       2.8536768180778254e-02, -8.7048805983036982e-03,
       9.9955483987401395e-01 ]
R2: !!opencv-matrix
   rows: 3
   cols: 3
   dt: d
   data: [ 9.9919643135156422e-01, 1.0311589739682650e-02,
       -3.8731933741287354e-02, -1.0652461149443754e-02,
       9.9990623735403761e-01, -8.6047412483190276e-03,
       3.8639573571127746e-02, 9.0104171674458659e-03,
       9.9921258785941547e-01 ]
P1: !!opencv-matrix
   rows: 3
   cols: 4
   dt: d
   data: [ 4.2300101518980237e+03, 0., 5.2425751876831055e+02, 0., 0.,
       4.2300101518980237e+03, 5.1381009292602539e+02, 0., 0., 0., 1.,
       0. ]
P2: !!opencv-matrix
   rows: 3
   cols: 4
   dt: d
   data: [ 4.2300101518980237e+03, 0., 5.2425751876831055e+02,
       -2.5098631553951132e+03, 0., 4.2300101518980237e+03,
       5.1381009292602539e+02, 0., 0., 0., 1., 0. ]
Q: !!opencv-matrix
   rows: 4
   cols: 4
   dt: d
   data: [ 1., 0., 0., -5.2425751876831055e+02, 0., 1., 0.,
       -5.1381009292602539e+02, 0., 0., 0., 4.2300101518980237e+03, 0.,
       0., 1.6853548938735339e+00, 0. ]
